[32.962196, -95.231193],
[32.961829, -95.172947],
[32.990285, -95.152248],
[32.660949, -95.15274],
[32.672447, -95.133575],
[32.690868, -95.072823],
[32.711092, -95.050005],
[32.720112, -95.026636],
[32.720129, -94.998335],
[32.755375, -94.943119],
[32.755701, -94.926291],
[32.711651, -94.944616],
[32.661152, -94.938815],
[32.660905, -94.960931],
[32.61676, -94.972005],
[32.573741, -94.972145],
[32.561455, -94.992707],
[32.537441, -94.987841],
[32.536015, -94.975256],
[32.59088, -94.820013],
[32.660023, -94.758256],
[32.667507, -94.745629],
[32.65542, -94.727919],
[32.657828, -94.70372],
[32.793088, -94.70214],
[32.693738, -94.507323],
[32.69334, -94.383855],
[32.729835, -94.317009],
[32.723531, -94.297783],
[32.746729, -94.283028],
[32.75073, -94.242809],
[32.727588, -94.225175],
[32.713336, -94.23294],
[32.70337, -94.222628],
[32.694694, -94.176401],
[32.74148, -94.143428],
[32.738143, -94.101032],
[32.721301, -94.087786],
[32.705572, -94.09936],
[32.689232, -94.090669],
[32.693031, -94.043147],
[31.999265, -94.04272],
[31.989343, -94.017265],
[31.921668, -93.973942],
[31.910563, -93.953546],
[31.911757, -93.929203],
[31.894436, -93.897412],
[31.880063, -93.901888],
[31.861927, -93.882486],
[31.821661, -93.874761],
[31.80033, -93.839343],
[31.775098, -93.823443],
[31.748521, -93.836103],
[31.725884, -93.813466],
[31.708765, -93.816918],
[31.702076, -93.794548],
[31.666919, -93.826462],
[31.632279, -93.815955],
[31.614121, -93.819582],
[31.599075, -93.839383],
[31.570943, -93.818434],
[31.554826, -93.818582],
[31.527344, -93.787687],
[31.526858, -93.742765],
[31.515469, -93.742196],
[31.514841, -93.713439],
[31.488902, -93.727587],
[31.48171, -93.752988],
[31.46869, -93.749476],
[31.453404, -93.709027],
[31.4189, -93.704678],
[31.397681, -93.674117],
[31.365201, -93.666042],
[31.324542, -93.673553],
[31.301771, -93.684039],
[31.297054, -93.66741],
[31.271587, -93.644066],
[31.272059, -93.622843],
[31.261447, -93.61459],
[31.233105, -93.618255],
[31.230626, -93.596886],
[31.205403, -93.607288],
[31.176158, -93.600308],
[31.158071, -93.911126],
[31.134271, -94.039034],
[31.114609, -94.050905],
[31.086854, -94.19296],
[31.033326, -94.45782],
[31.026431, -94.471521],
[31.039333, -94.486152],
[31.051641, -94.518092],
[31.05494, -94.554756],
[31.068771, -94.579104],
[31.06856, -94.598918],
[31.087304, -94.622275],
[31.084917, -94.657937],
[31.095831, -94.673013],
[31.099003, -94.704821],
[31.106994, -94.718618],
[31.106699, -94.75302],
[31.130759, -94.79611],
[31.132177, -94.81846],
[31.146578, -94.842947],
[31.178553, -94.850074],
[31.208672, -94.86636],
[31.235074, -94.863413],
[31.255301, -94.88406],
[31.257834, -94.897578],
[31.283394, -94.876713],
[31.299279, -94.894597],
[31.326972, -94.899017],
[31.336804, -94.909258],
[31.339901, -94.949254],
[31.366058, -94.958798],
[31.3847, -94.953557],
[31.42571, -95.003345],
[31.526916, -94.865857],
[31.541226, -94.894002],
[31.578001, -94.891827],
[31.569627, -94.915079],
[31.579201, -94.923945],
[31.609984, -94.926244],
[31.63649, -94.949669],
[31.678136, -94.953244],
[31.693594, -94.965078],
[31.7241, -94.958344],
[31.736436, -94.969148],
[31.753767, -94.967167],
[31.75208, -94.945259],
[31.773346, -94.955289],
[31.796863, -94.954068],
[31.831482, -94.93591],
[31.845555, -94.937532],
[31.846144, -94.984768],
[32.137989, -94.985272],
[32.135624, -95.342497],
[32.135559, -95.459908],
[32.146209, -95.477914],
[32.201763, -95.462578],
[32.232577, -95.488473],
[32.24663, -95.467584],
[32.262124, -95.469949],
[32.287728, -95.451257],
[32.328429, -95.458738],
[32.346897, -95.447938],
[32.368192, -95.45647],
[32.368798, -95.4704],
[32.38964, -95.493797],
[32.409239, -95.501642],
[32.432986, -95.53912],
[32.453221, -95.552727],
[32.479858, -95.5943],
[32.684551, -95.594238],
[32.673845, -95.568174],
[32.662283, -95.560574],
[32.643665, -95.524276],
[32.620328, -95.510945],
[32.611067, -95.475305],
[32.605902, -95.43198],
[32.615684, -95.418072],
[32.687993, -95.420734],
[32.702055, -95.407591],
[32.721137, -95.420761],
[32.723709, -95.433516],
[32.75195, -95.436594],
[32.7605, -95.455377],
[32.776431, -95.451089],
[32.792323, -95.431381],
[32.790263, -95.420076],
[32.836305, -95.418135],
[32.844037, -95.383143],
[32.871755, -95.352971],
[32.879973, -95.334971],
[32.923802, -95.313017],
[32.914154, -95.268443],
[32.937227, -95.271351],
[32.928137, -95.247554],
[32.959974, -95.243788],
[32.962196, -95.29431634]